[gd_scene load_steps=4 format=3 uid="uid://dwmee2a8a52f6"]

[ext_resource type="PackedScene" uid="uid://b1qw6egquyae2" path="res://Scene/wall.tscn" id="1_s4mno"]
[ext_resource type="PackedScene" uid="uid://dva5124rk0awf" path="res://Scene/maze.tscn" id="2_2hpd8"]
[ext_resource type="PackedScene" uid="uid://vntiwd1moo21" path="res://Scene/player_1.tscn" id="3_bxdjm"]

[node name="Level" type="Node3D"]
transform = Transform3D(1, 0, 0, 0, 1, 0, 0, 0, 1, 2.5, 2.08165e-12, 4)

[node name="Moonlight" type="DirectionalLight3D" parent="."]
transform = Transform3D(1, -6.97574e-16, -1.52459e-23, -1.5246e-23, -4.37114e-08, 1, -6.97574e-16, -1, -4.37114e-08, 2.08165e-12, 10, 2.08165e-12)
light_color = Color(0.694118, 0.792157, 0.905882, 1)
light_indirect_energy = 0.25
shadow_enabled = true
shadow_opacity = 0.25
shadow_blur = 5.0

[node name="Floor" type="CSGBox3D" parent="."]
use_collision = true
size = Vector3(5, 1, 8)

[node name="Entry floor" type="CSGBox3D" parent="."]
transform = Transform3D(1, 0, 0, 0, 1, 0, 0, 0, 1, 2, 0, 5)
use_collision = true
size = Vector3(1, 1, 3)

[node name="Exit floor" type="CSGBox3D" parent="."]
transform = Transform3D(1, 0, 0, 0, 1, 0, 0, 0, 1, 0, 2.08165e-12, -5.5)
use_collision = true
size = Vector3(1, 1, 3)

[node name="Maze" parent="." instance=ExtResource("2_2hpd8")]
transform = Transform3D(1, 0, 0, 0, 1, 0, 0, 0, 1, 0, 3, 0)

[node name="Player1" parent="." instance=ExtResource("3_bxdjm")]
transform = Transform3D(1, 0, 0, 0, 1, 0, 0, 0, 1, 2.04874, 1.19288, 5.75256)

[node name="Mazelight1" type="OmniLight3D" parent="."]
transform = Transform3D(0.700909, 0.504344, -0.504344, 2.4663e-16, 0.707107, 0.707107, 0.71325, -0.495618, 0.495618, -2.29741, 3, 3.86288)
light_color = Color(1, 0.952941, 0.709804, 1)
light_energy = 0.15
light_indirect_energy = 0.125
shadow_enabled = true

[node name="Mazelight2" type="OmniLight3D" parent="."]
transform = Transform3D(-0.866025, 0.353553, -0.353553, 2.4663e-16, 0.707107, 0.707107, 0.5, 0.612372, -0.612372, -2.46858, 5.37986, -4.01694)
light_color = Color(1, 0.952941, 0.709804, 1)
light_energy = 0.25
light_indirect_energy = 0.125
shadow_enabled = true

[node name="Mazelight3" type="OmniLight3D" parent="."]
transform = Transform3D(-0.866025, -0.353553, 0.353553, 1.17062e-08, 0.707107, 0.707107, -0.5, 0.612372, -0.612372, 2.53142, 5.37986, -4.01694)
light_color = Color(1, 0.952941, 0.709804, 1)
light_energy = 0.25
light_indirect_energy = 0.125
shadow_enabled = true

[node name="Mazelight4" type="OmniLight3D" parent="."]
transform = Transform3D(0.707107, -0.5, 0.5, 1.17062e-08, 0.707107, 0.707107, -0.707107, -0.5, 0.5, 2.40388, 3, 3.84621)
light_color = Color(1, 0.952941, 0.709804, 1)
light_energy = 0.15
light_indirect_energy = 0.125
shadow_enabled = true

[node name="Wall" parent="." instance=ExtResource("1_s4mno")]
transform = Transform3D(1, 0, 0, 0, 1, 0, 0, 0, 1, 0, 3, 0)
