[gd_scene load_steps=4 format=3 uid="uid://dwmee2a8a52f6"]

[ext_resource type="PackedScene" uid="uid://b1qw6egquyae2" path="res://Scene/wall.tscn" id="1_s4mno"]
[ext_resource type="PackedScene" uid="uid://dva5124rk0awf" path="res://Scene/maze.tscn" id="2_2hpd8"]
[ext_resource type="PackedScene" uid="uid://vntiwd1moo21" path="res://Scene/player_1.tscn" id="3_bxdjm"]

[node name="Main" type="Node3D"]
transform = Transform3D(1, 0, 0, 0, 1, 0, 0, 0, 1, 2.5, 2.08165e-12, 4)

[node name="Player1" parent="." instance=ExtResource("3_bxdjm")]
transform = Transform3D(1, 0, 0, 0, 1, 0, 0, 0, 1, 2.04874, 1.19288, 5.75256)

[node name="Light" type="Node3D" parent="."]

[node name="Mazelight1" type="OmniLight3D" parent="Light"]
transform = Transform3D(0.700909, 0.504344, -0.504344, 2.4663e-16, 0.707107, 0.707107, 0.71325, -0.495618, 0.495618, -2.33201, 2.5, 3.86127)
light_color = Color(1, 0.952941, 0.709804, 1)
light_indirect_energy = 0.75
shadow_enabled = true
omni_attenuation = 2.0

[node name="Mazelight2" type="OmniLight3D" parent="Light"]
transform = Transform3D(-0.866025, 0.353553, -0.353554, 2.4663e-16, 0.707107, 0.707106, 0.5, 0.612372, -0.612373, -2.39086, 2.5, -3.90802)
light_color = Color(1, 0.952941, 0.709804, 1)
light_indirect_energy = 0.75
shadow_enabled = true
omni_attenuation = 2.0

[node name="Mazelight3" type="OmniLight3D" parent="Light"]
transform = Transform3D(-0.866025, -0.353553, 0.353554, 1.17062e-08, 0.707107, 0.707106, -0.5, 0.612372, -0.612373, 2.37601, 2.5, -3.88896)
light_color = Color(1, 0.952941, 0.709804, 1)
light_indirect_energy = 0.75
shadow_enabled = true
omni_attenuation = 2.0

[node name="Mazelight4" type="OmniLight3D" parent="Light"]
transform = Transform3D(0.707107, -0.5, 0.5, 1.17062e-08, 0.707107, 0.707107, -0.707107, -0.5, 0.5, 2.33077, 2.5, 3.90221)
light_color = Color(1, 0.952941, 0.709804, 1)
light_indirect_energy = 0.75
shadow_enabled = true
omni_attenuation = 2.0

[node name="Moonlight" type="DirectionalLight3D" parent="Light"]
transform = Transform3D(1, -6.97574e-16, -1.52459e-23, -1.5246e-23, -4.37114e-08, 1, -6.97574e-16, -1, -4.37114e-08, 0, 10, 0)
light_color = Color(0.694118, 0.792157, 0.905882, 1)
light_energy = 10.0
light_indirect_energy = 0.25
shadow_enabled = true
shadow_opacity = 0.25
shadow_blur = 5.0
sky_mode = 1

[node name="Level" type="Node3D" parent="."]

[node name="Floor" type="CSGBox3D" parent="Level"]
use_collision = true
size = Vector3(5, 1, 8)

[node name="Entry floor" type="CSGBox3D" parent="Level"]
transform = Transform3D(1, 0, 0, 0, 1, 0, 0, 0, 1, 2, 0, 5)
use_collision = true
size = Vector3(1, 1, 3)

[node name="Exit floor" type="CSGBox3D" parent="Level"]
transform = Transform3D(1, 0, 0, 0, 1, 0, 0, 0, 1, 0, 2.08165e-12, -5.5)
use_collision = true
size = Vector3(1, 1, 3)

[node name="Wall" parent="Level" instance=ExtResource("1_s4mno")]
transform = Transform3D(1, 0, 0, 0, 1, 0, 0, 0, 1, 0, 3, 0)

[node name="Maze" parent="Level" instance=ExtResource("2_2hpd8")]
transform = Transform3D(1, 0, 0, 0, 1, 0, 0, 0, 1, 0, 3, 0)
